[[17755     0]
 [    0     0]]
[[17024   688]
 [    0    43]]
[[17015   331]
 [    0   409]]
[[17066   517]
 [    0   172]]
[[17006    33]
 [    0   716]]
[[17017   717]
 [    0    21]]
[[17063   259]
 [    0   433]]
[[17063   661]
 [    0    31]]
[[17066    88]
 [    0   601]]
[[17041   664]
 [    0    50]]
[[17054   292]
 [    0   409]]
[[17088   653]
 [    0    14]]
[[17047   705]
 [    0     3]]
[[17036   711]
 [    0     8]]
[[17039   526]
 [    0   190]]
[[17068    19]
 [    0   668]]
[[17013   722]
 [    0    20]]
[[17007   353]
 [    0   395]]
[[17184   106]
 [    0   465]]
[[17008   544]
 [    0   203]]
[[17021   127]
 [    0   607]]
[[17058   689]
 [    0     8]]
[[17059   356]
 [    0   340]]
[[17032   228]
 [    0   495]]
[[17027    48]
 [    0   680]]
[[17018   704]
 [    0    33]]
[[17755     0]
 [    0     0]]
[[17755     0]
 [    0     0]]
